%Aaron Bruner
%EGR-270-102

K = [0.25:0.25:1.75 ; 2:2:14 ; 25:5:55 ];
Ga=[K(:,2)',K(:,5)';K(2,1:6);K(3,2:7)]
Gb=K(1:2,3:6)